1
NORMAL
185
100
|                                  SCREEN                                 |
|_________________________________________________________________________|

    1  2  3  4     5  6  7  8  9 10 11 12 13 14 15 16 17    18 19 20 21    
A  |1||1||1||1| - |0||0||0||0||0||0||0||0||0||0||0||0||0| - |0||0||0||0|  A
B  |0||0||0||0| - |1||1||1||1||1||1||1||1||1||1||1||1||1| - |1||1||1||1|  B
C  |1||1||1||1| - |1||1||1||1||1||1||1||1||1||1||1||1||1| - |0||0||0||0|  C
D  |1||1||1||1| - |1||1||1||1||1||1||1||1||1||1||1||1||1| - |0||0||0||0|  D
E  |0||0||0||0| - |0||0||0||0||0||0||0||0||0||0||0||0||0| - |1||1||1||1|  E
F  |0||0||0||0| - |0||0||0||0||0||0||0||0||0||0||0||0||0| - |1||1||1||1|  F
G  |0||0||0||0| - |0||0||0||0||0||0||0||0||0||0||0||0||0| - |1||1||1||1|  G
H  |0||0||0||0| - |1||1||1||1||1||1||1||1||1||1||1||1||1| - |1||1||1||1|  H
I  |0||1| -  -  - |1||1||1||1||1||1||1||1||1||1||1||1||1| -  -  - |1||1|  I
    -  -  -  -  -  -  -  -     -  -  -  -  -  -  -  -  -  -  -  -  -  -      
                                ____________
                               |            |
                               |  ENTRANCE  |                                             