1
NORMAL
168
53
|                          SCREEN                          |
|__________________________________________________________|

    1  2     3  4  5  6  7  8  9 10 11 12 13 14    15 16    
A  |0||0| -  -  - |0||0||0||0||0||0||0||1| -  -  - |0||0|  A
B  |0||0| - |0||0||0||0||1||0||0||0||0||0||0||0| - |0||0|  B
C  |0||0| - |0||0||0||0||0||0||0||0||0||0||0||0| - |1||1|  C
D  |1||1| - |0||0||0||1||0||1||1||1||1||0||0||0| - |0||0|  D
E  |0||0| - |0||1||1||0||0||1||1||0||0||1||1||0| - |0||0|  E
F  |0||0| - |0||0||0||0||1||1||1||1||0||0||0||0| - |0||0|  F
G  |1||1| - |0||0||1||1||1||0||0||1||1||0||1||1| - |0||0|  G
H  |0||0| - |0||0||0||1||1||1||1||1||1||0||0||0| - |0||0|  H
I  |0||0| - |0||0||0||1||1||0||1||1||1||1||1||0| - |0||0|  I
J  |0||0| - |0||0||0||0||1||1||0||1||1||1||0||0| - |1||0|  J
K  |0||0| -  -  - |0||1||1||0||0||1||1||0| -  -  - |0||0|  K
    -  -  -  -  -  -  -  -  -  -  -  -  -  -  -  -  -  -    
                        ____________
                       |            |
                       |  ENTRANCE  |                  